{
    "cam_width": 1280,
    "cam_height": 800,
    "cam_int": {
        "type_id": "opencv-matrix",
        "rows": 3,
        "cols": 3,
        "dt": "d",
        "data": [ 657.60527142170213, 0.0, 649.49425323114451, 0.0,
            656.67884668821841, 416.25899378370514, 0.0, 0.0, 1.0 ]
    },
    "cam_dist": [ -0.022605054458656817, 0.006022141921001983,
        0.003769935905792679, 0.0048641234504818061,
        0.035813744863461484 ],
    "cam_RMS": 0.16792178153991699,
    "cam_fisheye": 0
}
