{
    "cam_int": {
        "type_id": "opencv-matrix",
        "rows": 3,
        "cols": 3,
        "dt": "d",
        "data": [ 657.60527142170213, 0.0, 649.49425323114451, 0.0,
            656.67884668821841, 416.25899378370514, 0.0, 0.0, 1.0 ]
    },
    "cam_dist": [ -0.022605054458656817, 0.006022141921001983,
        0.003769935905792679, 0.0048641234504818061,
        0.035813744863461484 ],
    "cam_width": 1280,
    "cam_height": 800,
    "cam_RMS": 0.16792178153991699,
    "cam_fisheye": 0,
    "proj_int": {
        "type_id": "opencv-matrix",
        "rows": 3,
        "cols": 3,
        "dt": "d",
        "data": [ 2373.9044322824061, 0.0, 1031.2815273494457, 0.0,
            2400.6515159844353, 1108.5273498145541, 0.0, 0.0, 1.0 ]
    },
    "proj_dist": [ 0.017588899633017054, -0.12989783694243179,
        0.0054930029791025858, 0.010255459393664405, 0.1709770567321125 ],
    "proj_width": 1920,
    "proj_height": 1080,
    "proj_RMS": 1.4765471220016479,
    "cam2proj": {
        "type_id": "opencv-matrix",
        "rows": 4,
        "cols": 4,
        "dt": "d",
        "data": [ 0.99996585781749825, 0.0082287865945356448,
            0.00075516256283291274, 3.2408585723790742,
            -0.0082557149707995492, 0.99879101959193972,
            0.048459698232804445, -3.7954502243945045,
            -0.00035548507089618834, -0.048464278119818779,
            0.9988248532033478, -0.30729674000743179, 0.0, 0.0, 0.0, 1.0 ]
    },
    "stereo_RMS": 1.228807806968689,
    "detections": 0
}
