{
    "cam_int": {
        "type_id": "opencv-matrix",
        "rows": 3,
        "cols": 3,
        "dt": "d",
        "data": [ 657.60527142170213, 0.0, 649.49425323114451, 0.0,
            656.67884668821841, 416.25899378370514, 0.0, 0.0, 1.0 ]
    },
    "cam_dist": [ -0.022605054458656817, 0.006022141921001983,
        0.003769935905792679, 0.0048641234504818061,
        0.035813744863461484 ],
    "cam_width": 1280,
    "cam_height": 800,
    "cam_RMS": 0.16792178153991699,
    "cam_fisheye": 0,
    "proj_int": {
        "type_id": "opencv-matrix",
        "rows": 3,
        "cols": 3,
        "dt": "d",
        "data": [ 2255.2017479435067, 0.0, 1168.886960019006, 0.0,
            2246.2933632900085, 1079.3819137723231, 0.0, 0.0, 1.0 ]
    },
    "proj_dist": [ -0.027399032210718495, -0.059630901070998187,
        -0.00067253268649874098, 0.011361317239655812,
        0.089028485343228492 ],
    "proj_width": 1920,
    "proj_height": 1080,
    "proj_RMS": 0.47933796048164368,
    "cam2proj": {
        "type_id": "opencv-matrix",
        "rows": 4,
        "cols": 4,
        "dt": "d",
        "data": [ 0.99636290109522563, 0.022140844726842544,
            -0.082284581276733243, 0.037616128258294891,
            -0.019833060282499888, 0.99938960471237437,
            0.028758784965200655, -0.024729778914520693,
            0.082871098948524846, -0.02702223135911937,
            0.99619384658380528, -0.032052309109297239, 0.0, 0.0, 0.0,
            1.0 ]
    },
    "stereo_RMS": 1.4932702779769897,
    "detections": 0
}
