{
    "cam_int": {
        "type_id": "opencv-matrix",
        "rows": 3,
        "cols": 3,
        "dt": "d",
        "data": [ 657.60527142170213, 0.0, 649.49425323114451, 0.0,
            656.67884668821841, 416.25899378370514, 0.0, 0.0, 1.0 ]
    },
    "cam_dist": [ -0.022605054458656817, 0.006022141921001983,
        0.003769935905792679, 0.0048641234504818061,
        0.035813744863461484 ],
    "cam_width": 1280,
    "cam_height": 800,
    "cam_RMS": 0.16792178153991699,
    "cam_fisheye": 0,
    "proj_int": {
        "type_id": "opencv-matrix",
        "rows": 3,
        "cols": 3,
        "dt": "d",
        "data": [ 2386.9551377931402, 0.0, 1025.2999073710876, 0.0,
            2397.8265681788384, 1088.280554700493, 0.0, 0.0, 1.0 ]
    },
    "proj_dist": [ 0.0015172768320295387, -0.046545143531089947,
        0.0039995676155923652, 0.0076096062916424312,
        0.096080978758712202 ],
    "proj_width": 1920,
    "proj_height": 1080,
    "proj_RMS": 0.33794450759887695,
    "cam2proj": {
        "type_id": "opencv-matrix",
        "rows": 4,
        "cols": 4,
        "dt": "d",
        "data": [ 0.99995885768678172, 0.0082103022292710163,
            0.003856665794516905, 0.031286571807212699,
            -0.0084051627914107935, 0.99852883481304011,
            0.053567894165838584, -0.036781073586810799,
            -0.0034111834011751429, -0.053598106162593355,
            0.99855676195376442, 0.00085061271886323765, 0.0, 0.0, 0.0,
            1.0 ]
    },
    "stereo_RMS": 0.43712767958641052,
    "detections": 0
}
