%YAML:1.0
---
intrinsic: !!opencv-matrix
   rows: 3
   cols: 3
   dt: d
   data: [ 1132.748728300965, 0., 684.70171938063447, 0.,
       1139.8619710548651, 398.59337625562415, 0., 0., 1. ]
dist_coeffs: !!opencv-matrix
   rows: 1
   cols: 5
   dt: d
   data: [ 0.12946129403904935, -0.95727734885030979,
       -0.00071054576755849325, 0.005299676809023472, 1.9276031913027174 ]
