%YAML:1.0
---
intrinsic: !!opencv-matrix
   rows: 3
   cols: 3
   dt: d
   data: [ 647.46787450530519, 0., 640.86609442343024, 0.,
       647.35612250084216, 408.12441027280738, 0., 0., 1. ]
dist_coeffs: !!opencv-matrix
   rows: 1
   cols: 5
   dt: d
   data: [ -0.050969559152057239, 0.065680345394441592,
       -0.0012884425903850938, 0.00071247897000605118,
       -0.023175237694254829 ]
