%YAML:1.0
---
intrinsic: !!opencv-matrix
   rows: 3
   cols: 3
   dt: d
   data: [ 671.40462035489531, 0., 349.25130954632101, 0.,
       673.6600112581857, 258.6528135307787, 0., 0., 1. ]
dist_coeffs: !!opencv-matrix
   rows: 1
   cols: 5
   dt: d
   data: [ 0.055215807443230611, -0.54709793217523928,
       0.010580416758566412, 0.0014528087930816898, 0.97985152618054661 ]
