%YAML:1.0
---
extrinsic: !!opencv-matrix
   rows: 4
   cols: 4
   dt: d
   data: [ 0.99916277514009955, -0.037684116506975292,
       0.015926585868405025, 0.0062465791964206223, 0.038245157007894361,
       0.99860054677148224, -0.036527468474261235, 0.049788550417873348,
       -0.01452779197870329, 0.037106001546722209, 0.99920572852112799,
       0.011836001978159112, 0., 0., 0., 1. ]
