%YAML:1.0
---
extrinsic: !!opencv-matrix
   rows: 4
   cols: 4
   dt: d
   data: [ 0.98186551439744296, -0.050586596274262305,
       -0.18270497506753752, 0.15643756470982451, 0.048722823877656321,
       0.99870447768220927, -0.014678306812858002, -0.053449049341486948,
       0.18321080227549796, 0.0055102209475030852, 0.98305820753131301,
       0.061461487022338307, 0., 0., 0., 1. ]
