%YAML:1.0
---
intrinsic: !!opencv-matrix
   rows: 3
   cols: 3
   dt: d
   data: [ 2360.0244380473528, 0., 965.26824661874991, 0.,
       2371.7082246442674, 1049.6600871926871, 0., 0., 1. ]
dist_coeffs: !!opencv-matrix
   rows: 1
   cols: 5
   dt: d
   data: [ 0.05637010286336195, -0.086557062581801292,
       -0.00062861006576797997, -0.00039290196343011598,
       0.016154002076789718 ]
