%YAML:1.0
---
intrinsic: !!opencv-matrix
   rows: 3
   cols: 3
   dt: d
   data: [ 3770.7809116676895, 0., 917.59971889683015, 0.,
       3805.3591721067837, 1417.3661180807649, 0., 0., 1. ]
dist_coeffs: !!opencv-matrix
   rows: 1
   cols: 5
   dt: d
   data: [ -0.20957430988747097, 0.78373354730458533,
       0.011277785493208453, 0.0093489927363216933, -0.32086123916790937 ]
